2 1 17
7 1 7
1 1 32
12 1 0
0 1 41
1 1 48
0 1 55
0 1 63
10 2 26
3 0 69
17 1 18
0 0 81
3 7 4
24 2 4
2 0 90
22 1 23
31 1 0
0 0 115
0 2 100
41 1 0
11 10 0
9 0 107
32 1 31
0 1 127
1 0 141
1 15 0
1 0 150
53 0 0
0 0 164
42 1 42
0 0 176
0 17 15
0 0 186
61 1 0
0 1 198
51 1 50
0 0 220
1 22 0
72 1 0
57 0 57
1 0 234
17 19 0
17 18 14
0 0 247
65 0 61
84 0 6
19 0 206
70 0 72
87 3 0
97 0 1
1 31 1
23 0 255
111 0 0
81 1 82
83 2 72
1 31 29
28 28 2
94 0 92
122 1 0
101 0 84
0 35 37
86 4 99
27 29 27
136 1 0
106 0 101
1 42 0
107 0 112
142 0 14
149 0 3
35 35 1
118 0 108
1 43 39
153 2 0
121 0 123
0 44 46
168 0 0
129 0 117
0 51 1
117 15 26
135 0 127
135 0 136
41 42 0
44 38 39
187 0 2
39 41 38
0 57 0
202 0 0
154 0 150
153 0 157
59 40 39
0 57 57
2 63 0
160 0 169
49 50 2
218 0 0
167 0 165
3 61 56
76 41 40
232 0 0
175 0 176
54 55 0
51 52 50
188 0 175
0 74 0
250 0 0
188 0 184
192 0 194
106 41 45
0 70 71
63 62 1
203 0 205
0 83 0
220 0 204
61 63 60
219 0 219
222 0 211
0 82 84
225 0 235
160 39 44
71 72 1
235 0 232
21 80 71
0 94 0
181 40 41
251 0 240
248 0 251
70 72 69
215 33 44
0 104 0
0 96 97
82 82 5
84 82 0
246 35 50
0 114 0
60 91 61
82 84 81
3 109 99
93 93 0
0 111 111
0 124 0
91 94 91
99 102 0
0 134 0
0 123 123
62 111 64
100 98 102
100 103 100
0 146 0
112 113 0
0 134 133
51 128 52
0 154 0
86 119 115
90 118 121
111 113 110
120 122 0
6 143 142
0 162 0
90 123 125
0 155 155
122 124 121
84 134 134
133 133 0
0 173 0
53 153 60
0 182 0
132 133 130
143 143 0
0 170 173
0 172 167
85 151 148
83 153 143
0 193 0
153 153 0
141 143 140
51 180 47
0 201 6
4 188 181
0 208 0
0 189 190
153 149 152
149 151 148
160 163 0
171 165 1
0 221 0
93 176 172
171 172 0
159 162 159
0 205 204
186 178 0
60 210 60
181 182 0
0 236 0
170 173 170
53 207 194
0 221 221
155 181 169
149 186 188
36 219 207
0 251 0
159 191 157
195 198 0
182 184 181
203 197 0
160 196 160
0 236 240
47 242 60
190 192 189
18 239 235
30 237 226
155 207 156
145 206 205
209 191 212
0 251 250
219 212 0
16 250 225
215 214 0
209 217 0
199 201 198
225 191 223
208 200 199
207 199 234
203 203 217
222 201 191
234 193 235
235 199 194
199 204 255
201 206 233
148 230 153
248 191 248
249 197 196
60 248 250
207 209 206
231 228 0
229 234 0
215 217 213
154 238 239
157 250 145
223 225 221
243 245 0
231 231 206
233 235 231
253 254 0
238 237 221
248 237 238
250 242 234
242 244 241
255 242 229
255 242 255
254 248 212
251 248 228
255 251 250
251 253 243
255 252 255
249 255 255
252 255 251
